37201
37203
37204
37205
37206
37207
37208
37209
37210
37211
37212
37214
37215
37216
37217
37218
37219
37220
37221
37013
37072
37076
37115
37178
37014
37027
37046
37062
37064
37067
37069
37135
37174
37179
38401
38402
38474
37091
37034
37144
37047
37019
37160
37161
37020
37180
37360
37086
37127
37128
37129
37130
37167
37121
37122
37087
37090
37138
37184
37022
37048
37066
37075
37148
37186
37188
37172
37073
37049
37010
37032
37146
37141
37015
37082
37143
37029
37055
37056
37036
37187
37181
37165
37033
37137
37098
37025